3.932700753211975098e-01
4.121649861335754395e-01
3.956398963928222656e-01
4.360755085945129395e-01
4.280855655670166016e-01
4.422316551208496094e-01
4.283085465431213379e-01
4.230374097824096680e-01
4.742516279220581055e-01
4.682233929634094238e-01
4.778058528900146484e-01
4.749859571456909180e-01
4.973163604736328125e-01
4.388921856880187988e-01
4.449769258499145508e-01
7.769361734390258789e-01
7.872624397277832031e-01
7.591219544410705566e-01
7.784078717231750488e-01
7.407076954841613770e-01
7.576723098754882812e-01
8.458336591720581055e-01
8.475596904754638672e-01
8.282280564308166504e-01
8.930705785751342773e-01
9.386302828788757324e-01
9.524876475334167480e-01
9.714608192443847656e-01
9.973643422126770020e-01
1.000789761543273926e+00
9.721757769584655762e-01
9.929201006889343262e-01
1.016950666904449463e+00
1.055978000164031982e+00
9.807754158973693848e-01
1.000532209873199463e+00
1.105245292186737061e+00
1.107211828231811523e+00
1.130562961101531982e+00
1.109740912914276123e+00
1.116964340209960938e+00
1.145141780376434326e+00
1.113599300384521484e+00
1.157250046730041504e+00
1.195765197277069092e+00
1.212220728397369385e+00
1.210244476795196533e+00
1.178468942642211914e+00
1.192664384841918945e+00
1.216001510620117188e+00
1.238172709941864014e+00
1.254666566848754883e+00
1.219510614871978760e+00
1.286433696746826172e+00
1.290133476257324219e+00
1.314615070819854736e+00
1.283600151538848877e+00
1.447809100151062012e+00
1.456222295761108398e+00
1.480257391929626465e+00
1.440340220928192139e+00
1.484698474407196045e+00
1.478332519531250000e+00
1.449345111846923828e+00
1.565620481967926025e+00
1.545820295810699463e+00
1.506439089775085449e+00
1.511999249458312988e+00
1.520673692226409912e+00
1.536383748054504395e+00
1.573570609092712402e+00
1.578184306621551514e+00
1.588830173015594482e+00
1.586147964000701904e+00
1.672635614871978760e+00
1.611047625541687012e+00
1.721299767494201660e+00
1.731790959835052490e+00
1.675098180770874023e+00
1.728300511837005615e+00
1.742545306682586670e+00
1.732158422470092773e+00
1.743548393249511719e+00
1.792354881763458252e+00
1.794328331947326660e+00
1.756406247615814209e+00
1.805890202522277832e+00
1.774339258670806885e+00
1.697862505912780762e+00
1.683598816394805908e+00
1.891691684722900391e+00
1.871510326862335205e+00
1.894119083881378174e+00
1.784377098083496094e+00
1.824243128299713135e+00
1.950437009334564209e+00
1.956804990768432617e+00
1.975787401199340820e+00
1.929546475410461426e+00
1.998930394649505615e+00
2.141167342662811279e+00
2.110002815723419189e+00
2.158514499664306641e+00
1.925120353698730469e+00
1.955022692680358887e+00
1.930002689361572266e+00
2.056293487548828125e+00
2.049987554550170898e+00
2.106485188007354736e+00
2.192612111568450928e+00
2.172144711017608643e+00
2.094506204128265381e+00
2.078468501567840576e+00
2.106892168521881104e+00
2.129483699798583984e+00
2.161868512630462646e+00
2.256457686424255371e+00
2.304637491703033447e+00
2.291515886783599854e+00
2.234741568565368652e+00
2.206719458103179932e+00
2.411533236503601074e+00
2.361894071102142334e+00
2.398889839649200439e+00
2.174671113491058350e+00
2.194803476333618164e+00
2.187294602394104004e+00
2.247620940208435059e+00
2.212223410606384277e+00
2.241227149963378906e+00
2.432019472122192383e+00
2.450757324695587158e+00
2.507333695888519287e+00
2.519911050796508789e+00
2.524509191513061523e+00
2.439893722534179688e+00
2.421625494956970215e+00
2.418790280818939209e+00
2.519368588924407959e+00
2.564509332180023193e+00
2.615768253803253174e+00
2.501827597618103027e+00
2.478415548801422119e+00
2.454272925853729248e+00
2.547195374965667725e+00
2.531556010246276855e+00
2.526848018169403076e+00
2.447707533836364746e+00
2.426464319229125977e+00
2.799787700176239014e+00
2.759885966777801514e+00
2.767743408679962158e+00
2.552653133869171143e+00
2.554383277893066406e+00
2.566921591758728027e+00
2.840409219264984131e+00
2.845346748828887939e+00
2.847745060920715332e+00
2.649134516716003418e+00
2.650793075561523438e+00
2.657330095767974854e+00
2.790947079658508301e+00
2.795192599296569824e+00
2.796350181102752686e+00
2.750982701778411865e+00
2.752196848392486572e+00
2.730273246765136719e+00
2.868662834167480469e+00
2.865234017372131348e+00
2.853813290596008301e+00
2.739470899105072021e+00
2.752351641654968262e+00
2.768133461475372314e+00
2.939426839351654053e+00
2.934189736843109131e+00
2.984923124313354492e+00
2.875060439109802246e+00
2.844968438148498535e+00
2.838669300079345703e+00
2.793251335620880127e+00
2.802888333797454834e+00
2.781539261341094971e+00
2.894834935665130615e+00
2.869149088859558105e+00
2.879233777523040771e+00
2.922408819198608398e+00
3.110894441604614258e+00
3.088452160358428955e+00
3.121545195579528809e+00
2.782095253467559814e+00
2.778957009315490723e+00
2.769852757453918457e+00
3.103416383266448975e+00
3.122006833553314209e+00
3.125492155551910400e+00
2.869160234928131104e+00
2.897398591041564941e+00
2.886750042438507080e+00
2.909125864505767822e+00
2.930766582489013672e+00
2.931999981403350830e+00
3.191118121147155762e+00
3.169695019721984863e+00
3.178708076477050781e+00
3.177777349948883057e+00
3.124593138694763184e+00
3.174353420734405518e+00
3.161351740360260010e+00
3.022270143032073975e+00
2.989835143089294434e+00
2.995275676250457764e+00
3.252272605895996094e+00
3.260586917400360107e+00
3.246966540813446045e+00
3.092181026935577393e+00
3.165508210659027100e+00
3.124095082283020020e+00
3.120815813541412354e+00
3.109978973865509033e+00
3.112040281295776367e+00
3.079689085483551025e+00
3.166853845119476318e+00
3.173969805240631104e+00
3.179396927356719971e+00
3.295309543609619141e+00
3.275090515613555908e+00
3.282097816467285156e+00
2.967245638370513916e+00
3.001548588275909424e+00
3.003316462039947510e+00
2.968212425708770752e+00
3.418225228786468506e+00
3.420194208621978760e+00
3.428905487060546875e+00
3.445341467857360840e+00
3.206036388874053955e+00
3.231402635574340820e+00
3.275808870792388916e+00
3.322648942470550537e+00
3.273760437965393066e+00
3.312891960144042969e+00
3.390164017677307129e+00
3.348650157451629639e+00
3.357590377330780029e+00
3.528852581977844238e+00
3.529535710811614990e+00
3.506331861019134521e+00
3.522492468357086182e+00
3.166383385658264160e+00
3.182810425758361816e+00
3.193605184555053711e+00
3.187527835369110107e+00
3.225180864334106445e+00
3.478176951408386230e+00
3.496125578880310059e+00
3.475692987442016602e+00
3.470742762088775635e+00
3.399694442749023438e+00
3.397925555706024170e+00
3.407321393489837646e+00
3.633710861206054688e+00
3.624427974224090576e+00
3.621108412742614746e+00
3.629274189472198486e+00
3.440335333347320557e+00
3.427928447723388672e+00
3.445390939712524414e+00
3.474116444587707520e+00
3.658560752868652344e+00
3.624287009239196777e+00
3.639839351177215576e+00
3.387638270854949951e+00
3.391033768653869629e+00
3.387591421604156494e+00
3.393993496894836426e+00
3.696294426918029785e+00
3.685554981231689453e+00
3.686747491359710693e+00
3.703370153903961182e+00
3.680361986160278320e+00
3.666109204292297363e+00
3.705332636833190918e+00
3.681562781333923340e+00
3.675483584403991699e+00
3.698323786258697510e+00
3.675386786460876465e+00
3.668545722961425781e+00
3.713385820388793945e+00
3.602272033691406250e+00
3.567207157611846924e+00
3.563232064247131348e+00
3.554601013660430908e+00
3.815759420394897461e+00
3.813257277011871338e+00
3.811918139457702637e+00
3.539461731910705566e+00
3.558019638061523438e+00
3.567430257797241211e+00
3.895912885665893555e+00
3.896548628807067871e+00
3.939845144748687744e+00
3.827881872653961182e+00
3.831498384475708008e+00
3.841963350772857666e+00
3.777225852012634277e+00
3.767834246158599854e+00
3.801564931869506836e+00
3.859534502029418945e+00
3.865473806858062744e+00
3.877356588840484619e+00
3.849685311317443848e+00
3.872820258140563965e+00
3.864811122417449951e+00
3.715622425079345703e+00
3.710142552852630615e+00
3.737196147441864014e+00
3.717410087585449219e+00
4.127986192703247070e+00
4.109452962875366211e+00
4.105562150478363037e+00
4.121899545192718506e+00
3.875720798969268799e+00
3.879585504531860352e+00
3.870551526546478271e+00
3.864344179630279541e+00
3.978147268295288086e+00
4.012157380580902100e+00
3.959338486194610596e+00
3.976676702499389648e+00
3.890147268772125244e+00
3.879685997962951660e+00
3.881452143192291260e+00
3.904815077781677246e+00
3.887199878692626953e+00
4.116781294345855713e+00
4.132549166679382324e+00
4.105149865150451660e+00
3.736616194248199463e+00
3.741676151752471924e+00
3.733431279659271240e+00
3.737679719924926758e+00
3.744337618350982666e+00
4.128977000713348389e+00
4.123479425907135010e+00
4.126983344554901123e+00
4.132226943969726562e+00
4.000816583633422852e+00
4.004931211471557617e+00
4.009516954421997070e+00
4.115459442138671875e+00
4.109328091144561768e+00
4.104390799999237061e+00
4.103143811225891113e+00
4.114138364791870117e+00
4.137888610363006592e+00
4.146912634372711182e+00
4.141146361827850342e+00
4.298085212707519531e+00
4.291180431842803955e+00
4.291896820068359375e+00
4.311105847358703613e+00
3.956404268741607666e+00
3.942016839981079102e+00
3.936536669731140137e+00
3.969767034053802490e+00
4.421500027179718018e+00
4.402429640293121338e+00
4.390422880649566650e+00
4.363141715526580811e+00
4.382845461368560791e+00
4.072543799877166748e+00
4.052058815956115723e+00
4.065999746322631836e+00
4.033206820487976074e+00
4.042561769485473633e+00
4.246137201786041260e+00
4.223598062992095947e+00
4.250668823719024658e+00
4.246158123016357422e+00
4.225679099559783936e+00
4.218092560768127441e+00
4.241837739944458008e+00
4.225661754608154297e+00
4.270288944244384766e+00
4.502605438232421875e+00
4.508614122867584229e+00
4.501328289508819580e+00
4.511300444602966309e+00
4.049379050731658936e+00
4.057581841945648193e+00
4.029693663120269775e+00
4.033436775207519531e+00
4.507592320442199707e+00
4.519026756286621094e+00
4.516433298587799072e+00
4.511120080947875977e+00
4.537856221199035645e+00
4.203957438468933105e+00
4.219355165958404541e+00
4.224706113338470459e+00
4.375375509262084961e+00
4.370185613632202148e+00
4.378570199012756348e+00
4.398383259773254395e+00
4.396588981151580811e+00
4.393783926963806152e+00
4.367667019367218018e+00
4.582451581954956055e+00
4.591465294361114502e+00
4.604292750358581543e+00
4.593393385410308838e+00
4.289588928222656250e+00
4.293021142482757568e+00
4.288557946681976318e+00
4.295418322086334229e+00
4.712771475315093994e+00
4.705442011356353760e+00
4.695243060588836670e+00
4.474614500999450684e+00
4.475443482398986816e+00
4.460514962673187256e+00
4.465426802635192871e+00
4.471360683441162109e+00
4.432196736335754395e+00
4.446082651615142822e+00
4.415376722812652588e+00
4.439670383930206299e+00
4.536308825016021729e+00
4.510202527046203613e+00
4.489421665668487549e+00
4.496817588806152344e+00
4.861612856388092041e+00
4.846437394618988037e+00
4.868499577045440674e+00
4.289120316505432129e+00
4.283942878246307373e+00
4.301182627677917480e+00
4.275272309780120850e+00
4.873517453670501709e+00
4.849905073642730713e+00
4.855514407157897949e+00
4.868914306163787842e+00
4.733470559120178223e+00
4.724340140819549561e+00
4.743862271308898926e+00
4.727474927902221680e+00
4.633474051952362061e+00
4.636241436004638672e+00
4.627722740173339844e+00
4.633617877960205078e+00
4.632371723651885986e+00
4.744190156459808350e+00
4.739273428916931152e+00
4.744439959526062012e+00
4.758058130741119385e+00
4.972938120365142822e+00
4.955117166042327881e+00
4.964075148105621338e+00
4.976647675037384033e+00
4.964479923248291016e+00
4.279772341251373291e+00
4.279880702495574951e+00
4.281790852546691895e+00
4.286215245723724365e+00
4.873854577541351318e+00
4.859071314334869385e+00
4.912510693073272705e+00
4.904047250747680664e+00
4.829608201980590820e+00
4.817197322845458984e+00
4.817348241806030273e+00
4.821672081947326660e+00
4.898068070411682129e+00
4.923905491828918457e+00
4.904310286045074463e+00
4.897370874881744385e+00
4.913528144359588623e+00
4.772431373596191406e+00
4.781532108783721924e+00
4.769138574600219727e+00
4.789862215518951416e+00
4.964346349239349365e+00
4.986377537250518799e+00
4.969933390617370605e+00
4.991368174552917480e+00
4.987714529037475586e+00
4.605313420295715332e+00
4.606683194637298584e+00
4.602265238761901855e+00
4.640308260917663574e+00
5.120084762573242188e+00
5.095554172992706299e+00
5.094939351081848145e+00
5.092831671237945557e+00
5.108283102512359619e+00
4.906902372837066650e+00
4.894695281982421875e+00
4.916212379932403564e+00
4.905563771724700928e+00
4.912320256233215332e+00
4.794766366481781006e+00
4.807316303253173828e+00
4.790117025375366211e+00
4.799249887466430664e+00
4.954066514968872070e+00
4.958969116210937500e+00
4.945680558681488037e+00
4.948942780494689941e+00
5.240005075931549072e+00
5.247303247451782227e+00
5.247975170612335205e+00
5.244249641895294189e+00
