4.892224073410034180e-02
4.739701747894287109e-02
6.502634286880493164e-02
7.532435655593872070e-02
1.111942529678344727e-01
1.171662211418151855e-01
1.189472079277038574e-01
1.139764189720153809e-01
1.740581393241882324e-01
1.822721362113952637e-01
1.883303523063659668e-01
1.820924878120422363e-01
2.062450051307678223e-01
2.127783894538879395e-01
2.482535243034362793e-01
2.123124003410339355e-01
2.365795373916625977e-01
2.504920959472656250e-01
2.471080422401428223e-01
2.520947456359863281e-01
2.650616765022277832e-01
2.873275876045227051e-01
2.718523740768432617e-01
2.911856770515441895e-01
2.907871007919311523e-01
3.035354018211364746e-01
3.247152566909790039e-01
3.296430706977844238e-01
3.172398209571838379e-01
3.230924010276794434e-01
3.405230045318603516e-01
3.254040479660034180e-01
3.500446677207946777e-01
3.272858262062072754e-01
3.365193009376525879e-01
3.611397147178649902e-01
3.718060255050659180e-01
3.557565808296203613e-01
3.697285056114196777e-01
3.704470992088317871e-01
3.787821531295776367e-01
3.851626515388488770e-01
3.893535137176513672e-01
4.028390645980834961e-01
3.773311376571655273e-01
4.081332683563232422e-01
4.201040267944335938e-01
4.169117212295532227e-01
4.413946866989135742e-01
4.492915272712707520e-01
4.449598193168640137e-01
4.728373289108276367e-01
4.561384320259094238e-01
4.659132361412048340e-01
5.166187286376953125e-01
5.305837392807006836e-01
5.345303416252136230e-01
5.671906471252441406e-01
5.625233054161071777e-01
5.643871426582336426e-01
5.527215600013732910e-01
5.496409535408020020e-01
6.069299578666687012e-01
6.078748106956481934e-01
6.078525781631469727e-01
6.127809882164001465e-01
5.838684439659118652e-01
6.498349905014038086e-01
6.206547617912292480e-01
6.941559314727783203e-01
6.594039201736450195e-01
6.951367259025573730e-01
6.796956658363342285e-01
6.910163760185241699e-01
7.010183930397033691e-01
7.444452047348022461e-01
7.056705355644226074e-01
7.473884224891662598e-01
7.518345117568969727e-01
7.489671707153320312e-01
8.148245811462402344e-01
7.624221444129943848e-01
7.813705205917358398e-01
7.516796588897705078e-01
8.333688974380493164e-01
8.651067614555358887e-01
9.026389718055725098e-01
8.431481719017028809e-01
9.112105965614318848e-01
9.057894349098205566e-01
8.813567161560058594e-01
9.355201125144958496e-01
9.710071682929992676e-01
9.479622244834899902e-01
9.248682856559753418e-01
9.879204630851745605e-01
1.027583122253417969e+00
1.022033512592315674e+00
9.785050749778747559e-01
1.039802253246307373e+00
1.053289651870727539e+00
1.092091381549835205e+00
1.083005785942077637e+00
1.102187752723693848e+00
1.129308760166168213e+00
1.159477353096008301e+00
1.112431287765502930e+00
1.209257841110229492e+00
1.177164256572723389e+00
1.211653470993041992e+00
1.165026485919952393e+00
1.250249445438385010e+00
1.308475732803344727e+00
1.228825509548187256e+00
1.296256959438323975e+00
1.280227661132812500e+00
1.403332710266113281e+00
1.358231186866760254e+00
1.479585528373718262e+00
1.434883177280426025e+00
1.368578672409057617e+00
1.402248203754425049e+00
1.428829193115234375e+00
1.367685794830322266e+00
1.410301029682159424e+00
1.464705765247344971e+00
1.501927196979522705e+00
1.480158865451812744e+00
1.457963526248931885e+00
1.515881359577178955e+00
1.441210627555847168e+00
1.434459388256072998e+00
1.534309744834899902e+00
1.566412687301635742e+00
1.522415399551391602e+00
1.452779471874237061e+00
1.666332125663757324e+00
1.605599343776702881e+00
1.647759616374969482e+00
1.625223755836486816e+00
1.650512516498565674e+00
1.650871157646179199e+00
1.711257517337799072e+00
1.799571752548217773e+00
1.658993959426879883e+00
1.730919897556304932e+00
1.820894658565521240e+00
1.747208178043365479e+00
1.741743206977844238e+00
1.724109530448913574e+00
1.837883949279785156e+00
1.683454334735870361e+00
1.709031283855438232e+00
1.698225378990173340e+00
1.815667450428009033e+00
2.000705242156982422e+00
1.892643570899963379e+00
1.848217606544494629e+00
1.777458727359771729e+00
1.822593688964843750e+00
1.831764340400695801e+00
1.856537640094757080e+00
1.859041750431060791e+00
1.775041162967681885e+00
2.163064062595367432e+00
2.206287086009979248e+00
2.070586025714874268e+00
2.003519415855407715e+00
1.991680622100830078e+00
2.100702345371246338e+00
2.067658364772796631e+00
2.096800029277801514e+00
2.054014623165130615e+00
2.080881774425506592e+00
2.104524910449981689e+00
1.973726570606231689e+00
2.221478939056396484e+00
2.139739215373992920e+00
2.121663033962249756e+00
2.268200874328613281e+00
2.231047451496124268e+00
2.189054310321807861e+00
2.073849916458129883e+00
2.187670528888702393e+00
2.043313920497894287e+00
2.143657028675079346e+00
2.115404367446899414e+00
2.159530460834503174e+00
2.296585023403167725e+00
2.198439002037048340e+00
2.150175333023071289e+00
2.273552000522613525e+00
2.252672076225280762e+00
2.284298896789550781e+00
2.274474203586578369e+00
2.163512885570526123e+00
2.305135607719421387e+00
2.327535510063171387e+00
2.319822847843170166e+00
2.369469881057739258e+00
2.354736804962158203e+00
2.242478013038635254e+00
2.170580089092254639e+00
2.425778806209564209e+00
2.209198415279388428e+00
2.401212513446807861e+00
2.513936996459960938e+00
2.436142861843109131e+00
2.294736802577972412e+00
2.383380055427551270e+00
2.562541007995605469e+00
2.416812717914581299e+00
2.480296492576599121e+00
2.407645225524902344e+00
2.618011593818664551e+00
2.531194508075714111e+00
2.583245158195495605e+00
2.595782995223999023e+00
2.586810708045959473e+00
2.502503812313079834e+00
2.463349938392639160e+00
2.607117652893066406e+00
2.501104772090911865e+00
2.678335249423980713e+00
2.600973367691040039e+00
2.637137591838836670e+00
2.524923622608184814e+00
2.417161643505096436e+00
2.640121757984161377e+00
2.602811336517333984e+00
2.705862104892730713e+00
2.586865782737731934e+00
2.789445638656616211e+00
2.493966937065124512e+00
2.610857665538787842e+00
2.671150565147399902e+00
2.589240252971649170e+00
3.013689577579498291e+00
2.857114732265472412e+00
2.671588599681854248e+00
2.894576787948608398e+00
2.919654965400695801e+00
2.697967767715454102e+00
2.501429438591003418e+00
2.974775731563568115e+00
2.733988285064697266e+00
2.704164803028106689e+00
2.815653502941131592e+00
2.696680188179016113e+00
2.816130220890045166e+00
2.557396888732910156e+00
2.840533375740051270e+00
2.717486262321472168e+00
2.682622015476226807e+00
2.750073015689849854e+00
2.665039300918579102e+00
2.893645644187927246e+00
2.986711502075195312e+00
2.865985572338104248e+00
2.972723782062530518e+00
2.753766655921936035e+00
3.078802883625030518e+00
2.965111374855041504e+00
2.801182091236114502e+00
3.009241700172424316e+00
3.057727038860321045e+00
2.659019649028778076e+00
3.076852023601531982e+00
3.263841748237609863e+00
3.073333382606506348e+00
3.223773539066314697e+00
3.116112589836120605e+00
3.046822965145111084e+00
3.037265241146087646e+00
2.898749887943267822e+00
3.159075379371643066e+00
3.149715483188629150e+00
3.084619522094726562e+00
3.151981949806213379e+00
3.027992606163024902e+00
3.130337059497833252e+00
3.313487052917480469e+00
2.817591845989227295e+00
3.268561542034149170e+00
3.066423773765563965e+00
3.087739884853363037e+00
3.084215462207794189e+00
3.365467131137847900e+00
3.238724052906036377e+00
3.091413676738739014e+00
3.374384582042694092e+00
3.282468497753143311e+00
3.329699277877807617e+00
3.260068655014038086e+00
3.013327360153198242e+00
3.393208205699920654e+00
3.324162006378173828e+00
3.394941747188568115e+00
3.168687105178833008e+00
3.041474401950836182e+00
3.495513856410980225e+00
3.196937203407287598e+00
3.368756711483001709e+00
3.334194779396057129e+00
3.273404896259307861e+00
3.149641633033752441e+00
3.371724009513854980e+00
3.273426771163940430e+00
3.518609046936035156e+00
3.549795389175415039e+00
3.502147018909454346e+00
3.289640784263610840e+00
3.414110779762268066e+00
3.380103111267089844e+00
3.652896046638488770e+00
3.451911389827728271e+00
3.499511182308197021e+00
3.687491118907928467e+00
3.639678835868835449e+00
3.549333155155181885e+00
3.338656663894653320e+00
3.705046236515045166e+00
3.755771279335021973e+00
3.667995750904083252e+00
3.570422291755676270e+00
3.362453699111938477e+00
3.549654483795166016e+00
3.599648773670196533e+00
3.565067708492279053e+00
3.555530071258544922e+00
3.635006606578826904e+00
3.707943677902221680e+00
3.640178561210632324e+00
3.834416568279266357e+00
3.427343606948852539e+00
3.504223525524139404e+00
3.800811290740966797e+00
3.697745442390441895e+00
3.215280711650848389e+00
3.673280119895935059e+00
3.549712777137756348e+00
3.621435046195983887e+00
3.525028705596923828e+00
3.441054761409759521e+00
3.367705702781677246e+00
3.833989262580871582e+00
3.766482889652252197e+00
3.830656647682189941e+00
3.697624742984771729e+00
3.987021565437316895e+00
3.684221327304840088e+00
3.520348489284515381e+00
3.636304259300231934e+00
3.497488677501678467e+00
3.606053829193115234e+00
3.599382877349853516e+00
3.631207644939422607e+00
3.645041108131408691e+00
3.941109657287597656e+00
3.711862504482269287e+00
3.681261897087097168e+00
3.750882387161254883e+00
3.975691258907318115e+00
3.807057142257690430e+00
3.782627105712890625e+00
3.831896305084228516e+00
3.825226068496704102e+00
3.962958514690399170e+00
3.875856399536132812e+00
4.016967654228210449e+00
4.108275353908538818e+00
3.839645028114318848e+00
3.809839308261871338e+00
4.047533154487609863e+00
4.188132166862487793e+00
4.005994975566864014e+00
3.916213274002075195e+00
3.903795242309570312e+00
4.215526640415191650e+00
3.833814740180969238e+00
4.229647994041442871e+00
3.904738783836364746e+00
4.046036601066589355e+00
4.059726238250732422e+00
3.935025453567504883e+00
4.199450254440307617e+00
4.310975492000579834e+00
4.217748999595642090e+00
4.319452941417694092e+00
4.070140480995178223e+00
4.078427851200103760e+00
4.189794242382049561e+00
4.099164545536041260e+00
4.456817030906677246e+00
4.199286341667175293e+00
3.841537535190582275e+00
4.045722246170043945e+00
3.955462992191314697e+00
3.992109119892120361e+00
4.139719069004058838e+00
4.142672598361968994e+00
4.247350454330444336e+00
4.202182352542877197e+00
4.086705446243286133e+00
4.070523202419281006e+00
4.200357139110565186e+00
4.437394797801971436e+00
4.414940476417541504e+00
4.413630068302154541e+00
4.009037852287292480e+00
4.535844743251800537e+00
4.044009029865264893e+00
4.447649240493774414e+00
4.367334783077239990e+00
4.573516488075256348e+00
4.317925035953521729e+00
4.245886862277984619e+00
4.333933293819427490e+00
3.752190470695495605e+00
4.405753374099731445e+00
4.353695869445800781e+00
4.430870473384857178e+00
4.310628354549407959e+00
4.391381502151489258e+00
4.328013181686401367e+00
4.241573572158813477e+00
4.419681012630462646e+00
4.479516208171844482e+00
4.251460433006286621e+00
4.337627172470092773e+00
4.548987984657287598e+00
4.314711391925811768e+00
4.355624556541442871e+00
4.114841341972351074e+00
4.222752392292022705e+00
4.541598439216613770e+00
4.473876833915710449e+00
4.287053287029266357e+00
4.260309875011444092e+00
4.675843656063079834e+00
4.690082013607025146e+00
4.566759645938873291e+00
4.391192018985748291e+00
4.330580830574035645e+00
4.695560336112976074e+00
4.566314816474914551e+00
4.198422133922576904e+00
4.731616258621215820e+00
4.458999514579772949e+00
4.583315968513488770e+00
4.686276197433471680e+00
4.543071448802947998e+00
4.681257426738739014e+00
5.061187505722045898e+00
4.825456976890563965e+00
4.813386738300323486e+00
4.858959257602691650e+00
5.028272449970245361e+00
4.916097223758697510e+00
4.864404916763305664e+00
4.713032066822052002e+00
4.441655695438385010e+00
4.844155251979827881e+00
4.976055383682250977e+00
4.605190098285675049e+00
4.758644998073577881e+00
4.807125031948089600e+00
4.781707048416137695e+00
4.818144857883453369e+00
4.876810431480407715e+00
4.836786508560180664e+00
4.685456037521362305e+00
4.596841156482696533e+00
4.706002593040466309e+00
4.967883646488189697e+00
4.850147128105163574e+00
5.079544663429260254e+00
5.109841406345367432e+00
4.951065897941589355e+00
4.828958332538604736e+00
4.838896155357360840e+00
5.093551993370056152e+00
5.058985114097595215e+00
5.201782584190368652e+00
4.831013202667236328e+00
4.789785921573638916e+00
4.982764542102813721e+00
4.953731954097747803e+00
4.927228987216949463e+00
5.313676536083221436e+00
4.745738267898559570e+00
5.124713003635406494e+00
4.820965230464935303e+00
4.937857151031494141e+00
4.986298620700836182e+00
5.032013952732086182e+00
4.986806631088256836e+00
4.843155086040496826e+00
4.864438056945800781e+00
5.209025323390960693e+00
4.795801520347595215e+00
5.233280539512634277e+00
5.375826120376586914e+00
5.114768028259277344e+00
5.300644218921661377e+00
5.000290691852569580e+00
5.250783085823059082e+00
5.371814727783203125e+00
5.274104595184326172e+00
4.915194809436798096e+00
5.191044509410858154e+00
5.208903312683105469e+00
