1.457066535949707031e-01 2.090303897857666016e-01 2.934570312500000000e-01 3.126120567321777344e-01 3.550856113433837891e-01 3.852987289428710938e-01 3.598413467407226562e-01 3.910450935363769531e-01 4.242813587188720703e-01 5.205593109130859375e-01 5.275495052337646484e-01 5.160758495330810547e-01 5.595552921295166016e-01 6.282861232757568359e-01 5.939502716064453125e-01 6.104595661163330078e-01 6.969928741455078125e-01 7.266876697540283203e-01 7.579722404479980469e-01 8.173184394836425781e-01
1.790242195129394531e-01 2.390303611755371094e-01 2.780747413635253906e-01 3.143329620361328125e-01 4.155762195587158203e-01 4.465496540069580078e-01 5.162513256072998047e-01 5.419549942016601562e-01 6.296029090881347656e-01 6.761949062347412109e-01 7.195804119110107422e-01 7.632398605346679688e-01 8.104863166809082031e-01 8.996365070343017578e-01 9.188191890716552734e-01 1.026794433593750000e+00 1.047603130340576172e+00 1.113770246505737305e+00 1.250147342681884766e+00 1.259061336517333984e+00
2.151944637298583984e-01 2.780923843383789062e-01 3.335311412811279297e-01 4.735789299011230469e-01 4.975543022155761719e-01 6.220657825469970703e-01 6.459567546844482422e-01 7.802677154541015625e-01 8.616423606872558594e-01 8.713972568511962891e-01 9.673016071319580078e-01 1.103024721145629883e+00 1.145518779754638672e+00 1.203035831451416016e+00 1.225659132003784180e+00 1.412612438201904297e+00 1.337403297424316406e+00 1.512435674667358398e+00 1.596818685531616211e+00 1.606683492660522461e+00
2.530198097229003906e-01 3.135292530059814453e-01 3.716950416564941406e-01 4.707474708557128906e-01 5.513806343078613281e-01 7.173798084259033203e-01 8.373873233795166016e-01 9.262526035308837891e-01 1.028143644332885742e+00 1.169366121292114258e+00 1.264374494552612305e+00 1.234874963760375977e+00 1.443717479705810547e+00 1.549916267395019531e+00 1.640297412872314453e+00 1.788128852844238281e+00 1.898784637451171875e+00 1.886955499649047852e+00 2.096420526504516602e+00 2.138490676879882812e+00
2.735273838043212891e-01 3.823847770690917969e-01 4.538562297821044922e-01 5.630593299865722656e-01 6.678943634033203125e-01 7.256290912628173828e-01 9.406757354736328125e-01 1.019953489303588867e+00 1.174649715423583984e+00 1.363540649414062500e+00 1.466912746429443359e+00 1.704963207244873047e+00 1.611747026443481445e+00 1.921950340270996094e+00 1.940215349197387695e+00 2.100893259048461914e+00 2.251463651657104492e+00 2.363594532012939453e+00 2.565135955810546875e+00 2.513597249984741211e+00
2.595264911651611328e-01 3.744540214538574219e-01 4.690940380096435547e-01 5.922398567199707031e-01 7.015702724456787109e-01 8.666818141937255859e-01 9.511034488677978516e-01 1.079017639160156250e+00 1.236932754516601562e+00 1.389453887939453125e+00 1.536808967590332031e+00 1.914057254791259766e+00 2.093015193939208984e+00 2.239132881164550781e+00 2.333506345748901367e+00 2.325098514556884766e+00 2.531752109527587891e+00 2.483236074447631836e+00 2.770119905471801758e+00 2.740184307098388672e+00
2.797017097473144531e-01 4.129729270935058594e-01 5.063211917877197266e-01 6.142556667327880859e-01 7.496337890625000000e-01 8.617568016052246094e-01 1.124553918838500977e+00 1.138514757156372070e+00 1.292980909347534180e+00 1.601277589797973633e+00 1.756403207778930664e+00 1.944523572921752930e+00 1.962093114852905273e+00 2.318565130233764648e+00 2.353272199630737305e+00 2.614676713943481445e+00 2.711762666702270508e+00 2.688036680221557617e+00 3.009062767028808594e+00 3.033524513244628906e+00
3.075296878814697266e-01 4.625861644744873047e-01 5.596992969512939453e-01 6.908030509948730469e-01 8.068604469299316406e-01 9.025123119354248047e-01 1.109619140625000000e+00 1.182658433914184570e+00 1.256809234619140625e+00 1.657769441604614258e+00 1.785526037216186523e+00 2.072346210479736328e+00 2.082355737686157227e+00 2.477291822433471680e+00 2.582989692687988281e+00 2.818287849426269531e+00 3.054182529449462891e+00 2.795896530151367188e+00 3.371315002441406250e+00 3.158084154129028320e+00
3.190646171569824219e-01 4.535458087921142578e-01 5.670595169067382812e-01 7.277712821960449219e-01 8.455400466918945312e-01 9.593639373779296875e-01 1.212997913360595703e+00 1.321532011032104492e+00 1.513328790664672852e+00 1.716242313385009766e+00 1.988066196441650391e+00 2.073244094848632812e+00 2.272881507873535156e+00 2.510395050048828125e+00 2.693983078002929688e+00 2.909748554229736328e+00 3.148733854293823242e+00 2.904010534286499023e+00 3.391491174697875977e+00 3.393895387649536133e+00
3.301296234130859375e-01 4.621250629425048828e-01 5.611097812652587891e-01 7.632899284362792969e-01 8.970839977264404297e-01 1.081310987472534180e+00 1.366115570068359375e+00 1.386080503463745117e+00 1.572345733642578125e+00 1.878711700439453125e+00 2.253344535827636719e+00 2.281237602233886719e+00 2.288313627243041992e+00 2.881526231765747070e+00 3.003325939178466797e+00 2.971346139907836914e+00 3.260344505310058594e+00 3.081636667251586914e+00 3.692950248718261719e+00 3.791667938232421875e+00
3.343129158020019531e-01 4.772527217864990234e-01 5.923902988433837891e-01 7.629072666168212891e-01 9.223215579986572266e-01 1.200633287429809570e+00 1.270699262619018555e+00 1.625194549560546875e+00 1.710774660110473633e+00 1.775027036666870117e+00 2.030383348464965820e+00 2.294341802597045898e+00 2.504414319992065430e+00 2.725027322769165039e+00 3.070505142211914062e+00 3.021587371826171875e+00 3.208767890930175781e+00 3.239277839660644531e+00 3.465919733047485352e+00 3.820320844650268555e+00
3.406021595001220703e-01 4.924941062927246094e-01 5.857093334197998047e-01 7.937653064727783203e-01 9.694814682006835938e-01 1.152742624282836914e+00 1.407993793487548828e+00 1.435203552246093750e+00 1.648814439773559570e+00 1.897721290588378906e+00 2.138260602951049805e+00 2.454969644546508789e+00 2.551908731460571289e+00 2.950433492660522461e+00 3.264935255050659180e+00 3.197253227233886719e+00 3.559782028198242188e+00 3.363902807235717773e+00 3.948822498321533203e+00 3.878800392150878906e+00
3.739309310913085938e-01 5.010802745819091797e-01 6.583764553070068359e-01 8.237428665161132812e-01 1.035932302474975586e+00 1.108329534530639648e+00 1.213167190551757812e+00 1.386591434478759766e+00 1.578155517578125000e+00 1.766379117965698242e+00 1.982911109924316406e+00 2.972226381301879883e+00 2.920953989028930664e+00 3.567603588104248047e+00 3.333396911621093750e+00 3.435719490051269531e+00 4.037587404251098633e+00 3.760407447814941406e+00 4.244884967803955078e+00 5.061283111572265625e+00
3.635354042053222656e-01 5.135231018066406250e-01 6.368727684020996094e-01 8.238122463226318359e-01 1.030342578887939453e+00 1.215583324432373047e+00 1.527964591979980469e+00 1.586410999298095703e+00 1.774954795837402344e+00 2.257092237472534180e+00 2.235867261886596680e+00 3.067916870117187500e+00 3.158747673034667969e+00 3.716068267822265625e+00 3.221719980239868164e+00 3.663698673248291016e+00 3.982562303543090820e+00 3.909410238265991211e+00 4.524439573287963867e+00 4.281693220138549805e+00
3.960354328155517578e-01 5.327839851379394531e-01 6.491904258728027344e-01 8.668234348297119141e-01 1.129536151885986328e+00 1.406271457672119141e+00 1.647742509841918945e+00 1.890009641647338867e+00 2.042559623718261719e+00 2.274195671081542969e+00 2.668383598327636719e+00 2.891352415084838867e+00 2.947165489196777344e+00 3.424694299697875977e+00 3.677622795104980469e+00 3.788323163986206055e+00 4.063054084777832031e+00 3.986142873764038086e+00 4.764199018478393555e+00 4.521848678588867188e+00
4.068019390106201172e-01 5.477595329284667969e-01 6.801781654357910156e-01 9.054992198944091797e-01 1.107908487319946289e+00 1.358461856842041016e+00 1.717463731765747070e+00 2.005447626113891602e+00 2.083187580108642578e+00 2.483172893524169922e+00 2.709865093231201172e+00 2.988892555236816406e+00 3.232697248458862305e+00 4.264947652816772461e+00 3.868102550506591797e+00 3.830934286117553711e+00 4.551998138427734375e+00 4.397409915924072266e+00 4.863671541213989258e+00 4.853705644607543945e+00
4.173798561096191406e-01 5.482635498046875000e-01 7.080783843994140625e-01 8.853635787963867188e-01 1.155144929885864258e+00 1.376187324523925781e+00 1.626288175582885742e+00 1.825944423675537109e+00 1.973040819168090820e+00 2.330988168716430664e+00 2.609884023666381836e+00 2.985450744628906250e+00 3.313749790191650391e+00 3.608156442642211914e+00 4.207518815994262695e+00 4.037949800491333008e+00 4.645310401916503906e+00 4.554806709289550781e+00 4.853185892105102539e+00 5.300782918930053711e+00
4.106400012969970703e-01 5.853064060211181641e-01 7.358334064483642578e-01 9.499025344848632812e-01 1.175378799438476562e+00 1.468586206436157227e+00 1.609298706054687500e+00 2.049521446228027344e+00 1.997246503829956055e+00 2.555818557739257812e+00 3.040726184844970703e+00 3.262242078781127930e+00 3.647041320800781250e+00 3.767697334289550781e+00 4.271434783935546875e+00 4.105042934417724609e+00 4.416846275329589844e+00 4.451373100280761719e+00 5.348622083663940430e+00 5.482184171676635742e+00
4.350435733795166016e-01 6.138255596160888672e-01 7.722671031951904297e-01 9.732954502105712891e-01 1.130745410919189453e+00 1.435151576995849609e+00 1.753489732742309570e+00 2.016162633895874023e+00 2.181897163391113281e+00 2.367213487625122070e+00 2.866170883178710938e+00 3.402758598327636719e+00 3.591243267059326172e+00 4.021673917770385742e+00 4.402892112731933594e+00 4.147322893142700195e+00 4.658165454864501953e+00 4.669697523117065430e+00 5.041776895523071289e+00 5.383683681488037109e+00
4.399344921112060547e-01 6.255164146423339844e-01 7.733893394470214844e-01 1.001696348190307617e+00 1.188233137130737305e+00 1.643344879150390625e+00 1.828528881072998047e+00 2.080282926559448242e+00 2.466391801834106445e+00 2.593307971954345703e+00 2.901383876800537109e+00 3.328312158584594727e+00 3.654027700424194336e+00 4.055669307708740234e+00 4.367536067962646484e+00 4.417903184890747070e+00 4.908636331558227539e+00 4.912178993225097656e+00 5.072323083877563477e+00 5.363576889038085938e+00
