3.596320152282714844e-01
3.508367538452148438e-01
3.509747982025146484e-01
3.782200813293457031e-01
3.693535327911376953e-01
3.842451572418212891e-01
4.330368041992187500e-01
4.112036228179931641e-01
3.871009349822998047e-01
4.030883312225341797e-01
4.529039859771728516e-01
4.292068481445312500e-01
4.448764324188232422e-01
4.528334140777587891e-01
4.492452144622802734e-01
4.461264610290527344e-01
4.501409530639648438e-01
4.551508426666259766e-01
4.868412017822265625e-01
5.310456752777099609e-01
5.370793342590332031e-01
5.675859451293945312e-01
5.596234798431396484e-01
5.448110103607177734e-01
5.730645656585693359e-01
5.426652431488037109e-01
5.455353260040283203e-01
5.235564708709716797e-01
5.232868194580078125e-01
5.215423107147216797e-01
5.635533332824707031e-01
5.587413311004638672e-01
5.904929637908935547e-01
6.305773258209228516e-01
6.560776233673095703e-01
6.259841918945312500e-01
6.188788414001464844e-01
6.401026248931884766e-01
7.177278995513916016e-01
7.346434593200683594e-01
7.095737457275390625e-01
7.630927562713623047e-01
7.201237678527832031e-01
7.638463973999023438e-01
7.526109218597412109e-01
7.889263629913330078e-01
8.346748352050781250e-01
8.679635524749755859e-01
8.796079158782958984e-01
8.683364391326904297e-01
7.632305622100830078e-01
7.714259624481201172e-01
8.441302776336669922e-01
7.541115283966064453e-01
7.599780559539794922e-01
8.202831745147705078e-01
8.392322063446044922e-01
8.515827655792236328e-01
8.690721988677978516e-01
9.022784233093261719e-01
9.232795238494873047e-01
8.766703605651855469e-01
9.114389419555664062e-01
9.398701190948486328e-01
9.713160991668701172e-01
9.238381385803222656e-01
9.465982913970947266e-01
9.808073043823242188e-01
9.714555740356445312e-01
9.980051517486572266e-01
1.003225564956665039e+00
1.018442630767822266e+00
1.027518272399902344e+00
1.021254539489746094e+00
1.045859336853027344e+00
1.030616760253906250e+00
1.038067579269409180e+00
1.075197219848632812e+00
1.038738489151000977e+00
1.088495969772338867e+00
1.102256774902343750e+00
1.125412940979003906e+00
1.081871271133422852e+00
1.133517265319824219e+00
1.130659818649291992e+00
1.116786718368530273e+00
1.138617277145385742e+00
1.107238531112670898e+00
1.149003982543945312e+00
1.146286249160766602e+00
1.174332618713378906e+00
1.135083913803100586e+00
1.156412601470947266e+00
1.155770778656005859e+00
1.183556079864501953e+00
1.207477331161499023e+00
1.215147018432617188e+00
1.280586957931518555e+00
1.262813568115234375e+00
1.261349201202392578e+00
1.236081600189208984e+00
1.291699171066284180e+00
1.191797733306884766e+00
1.290565252304077148e+00
1.380172491073608398e+00
1.375630617141723633e+00
1.368304729461669922e+00
1.358533620834350586e+00
1.331088066101074219e+00
1.341644763946533203e+00
1.330052137374877930e+00
1.376942396163940430e+00
1.418683052062988281e+00
1.369624376296997070e+00
1.445575475692749023e+00
1.296590089797973633e+00
1.358544826507568359e+00
1.354581356048583984e+00
1.412308692932128906e+00
1.382526397705078125e+00
1.272171497344970703e+00
1.353648424148559570e+00
1.421071767807006836e+00
1.433517694473266602e+00
1.478860616683959961e+00
1.450908660888671875e+00
1.473002672195434570e+00
1.577352285385131836e+00
1.463808536529541016e+00
1.592374563217163086e+00
1.504139900207519531e+00
1.499992132186889648e+00
1.470800638198852539e+00
1.480926513671875000e+00
1.451513290405273438e+00
1.501013994216918945e+00
1.434176445007324219e+00
1.561697721481323242e+00
1.586688756942749023e+00
1.592787981033325195e+00
1.606336593627929688e+00
1.599533796310424805e+00
1.595001220703125000e+00
1.639549255371093750e+00
1.635024547576904297e+00
1.656616687774658203e+00
1.611537933349609375e+00
1.819068431854248047e+00
1.779528856277465820e+00
1.742406606674194336e+00
1.798776626586914062e+00
1.729818105697631836e+00
1.779715776443481445e+00
1.877861738204956055e+00
1.754151821136474609e+00
1.685038805007934570e+00
1.611180305480957031e+00
1.777578830718994141e+00
1.694267988204956055e+00
1.722964763641357422e+00
1.784496784210205078e+00
1.824493885040283203e+00
1.834502696990966797e+00
1.780090808868408203e+00
1.767815828323364258e+00
1.762413501739501953e+00
1.893389225006103516e+00
1.824374675750732422e+00
1.859750747680664062e+00
1.990746259689331055e+00
1.910826683044433594e+00
1.947704792022705078e+00
2.011013984680175781e+00
1.861304044723510742e+00
1.981460332870483398e+00
1.870406389236450195e+00
1.889363288879394531e+00
2.032627344131469727e+00
1.908087253570556641e+00
1.942774057388305664e+00
1.891118526458740234e+00
1.890822410583496094e+00
1.844977140426635742e+00
1.987971067428588867e+00
1.923483133316040039e+00
1.897131443023681641e+00
1.883698225021362305e+00
2.016585588455200195e+00
1.969358205795288086e+00
1.909974813461303711e+00
1.834195375442504883e+00
2.000844240188598633e+00
2.135424375534057617e+00
2.087627410888671875e+00
1.982846498489379883e+00
1.983805656433105469e+00
2.015665531158447266e+00
1.844690322875976562e+00
1.925441741943359375e+00
1.931564807891845703e+00
1.813189983367919922e+00
1.896068572998046875e+00
1.935455560684204102e+00
1.960041522979736328e+00
2.144943952560424805e+00
2.041782379150390625e+00
2.236084222793579102e+00
2.217994928359985352e+00
2.121359586715698242e+00
2.263800621032714844e+00
2.257310152053833008e+00
2.291985273361206055e+00
2.376637935638427734e+00
2.269809246063232422e+00
2.294519424438476562e+00
2.216679096221923828e+00
2.190427780151367188e+00
2.344245433807373047e+00
2.304041862487792969e+00
2.215422630310058594e+00
2.096778869628906250e+00
2.190688848495483398e+00
2.356011152267456055e+00
2.281354188919067383e+00
2.439693927764892578e+00
2.321207284927368164e+00
2.455961942672729492e+00
2.366686820983886719e+00
2.291611433029174805e+00
2.388274431228637695e+00
2.321564674377441406e+00
2.353349685668945312e+00
2.556922912597656250e+00
2.300021409988403320e+00
2.653429746627807617e+00
2.633971691131591797e+00
2.622932910919189453e+00
2.376245737075805664e+00
2.596329450607299805e+00
2.583355903625488281e+00
2.498381137847900391e+00
2.489347696304321289e+00
2.508671283721923828e+00
2.712898969650268555e+00
2.558862924575805664e+00
2.511756420135498047e+00
2.565990924835205078e+00
2.570653200149536133e+00
2.852315664291381836e+00
2.927502155303955078e+00
2.814625978469848633e+00
2.943230867385864258e+00
2.769703149795532227e+00
2.860196113586425781e+00
2.836075067520141602e+00
2.815051317214965820e+00
2.806123018264770508e+00
2.973714590072631836e+00
2.844918489456176758e+00
2.912847280502319336e+00
3.076795101165771484e+00
2.832132339477539062e+00
2.998638629913330078e+00
3.169372320175170898e+00
3.173158407211303711e+00
3.037455558776855469e+00
2.965584039688110352e+00
2.946205854415893555e+00
3.071516990661621094e+00
3.005084991455078125e+00
2.922466039657592773e+00
2.966629743576049805e+00
2.860671281814575195e+00
2.942040205001831055e+00
3.066090583801269531e+00
3.105235338211059570e+00
3.297396659851074219e+00
3.011250257492065430e+00
3.088774919509887695e+00
3.198016881942749023e+00
3.086477041244506836e+00
3.097957611083984375e+00
3.178737163543701172e+00
3.192688941955566406e+00
3.028433322906494141e+00
3.091288805007934570e+00
3.253234386444091797e+00
3.300187826156616211e+00
3.170398473739624023e+00
3.117501497268676758e+00
3.098122596740722656e+00
3.164331436157226562e+00
3.233059167861938477e+00
3.267812728881835938e+00
3.242801904678344727e+00
3.383659839630126953e+00
3.633009910583496094e+00
3.376730442047119141e+00
3.290771961212158203e+00
3.314851284027099609e+00
3.369860887527465820e+00
3.160820722579956055e+00
3.212899208068847656e+00
3.430520534515380859e+00
3.593741178512573242e+00
3.297554969787597656e+00
3.249933719635009766e+00
3.462731122970581055e+00
3.529695510864257812e+00
3.484309911727905273e+00
3.519054174423217773e+00
3.892436504364013672e+00
3.582714319229125977e+00
3.325397729873657227e+00
3.690587997436523438e+00
3.604724645614624023e+00
3.912835359573364258e+00
4.132209300994873047e+00
3.672378301620483398e+00
3.712006330490112305e+00
3.570184946060180664e+00
3.624436140060424805e+00
3.619409561157226562e+00
3.707931041717529297e+00
3.775040626525878906e+00
3.828342199325561523e+00
3.830481529235839844e+00
3.788135528564453125e+00
3.636028051376342773e+00
3.689499378204345703e+00
3.799825429916381836e+00
3.826527595520019531e+00
3.775539875030517578e+00
4.096656322479248047e+00
4.464885473251342773e+00
3.938771963119506836e+00
4.238313674926757812e+00
4.304463863372802734e+00
4.024592161178588867e+00
3.807258367538452148e+00
3.859588384628295898e+00
4.105140924453735352e+00
3.806771516799926758e+00
3.942917823791503906e+00
3.928936958312988281e+00
3.895602941513061523e+00
3.880162715911865234e+00
3.787808418273925781e+00
4.182136535644531250e+00
3.697224140167236328e+00
3.962410449981689453e+00
3.982861757278442383e+00
3.903916597366333008e+00
4.209362983703613281e+00
4.143257856369018555e+00
3.912907838821411133e+00
4.089838743209838867e+00
4.087886571884155273e+00
4.116514921188354492e+00
3.905630350112915039e+00
3.986763477325439453e+00
4.196490049362182617e+00
4.177798271179199219e+00
4.462501287460327148e+00
4.795673131942749023e+00
4.092236757278442383e+00
4.281813383102416992e+00
4.154365777969360352e+00
4.293998479843139648e+00
4.282850742340087891e+00
4.365862369537353516e+00
4.216495752334594727e+00
4.261085748672485352e+00
4.160441875457763672e+00
4.011864423751831055e+00
3.833432912826538086e+00
4.365344524383544922e+00
4.315541505813598633e+00
4.138517618179321289e+00
4.238507986068725586e+00
4.370667695999145508e+00
4.490796089172363281e+00
4.435179233551025391e+00
4.424118280410766602e+00
4.266038417816162109e+00
4.263024806976318359e+00
4.375244855880737305e+00
4.191967248916625977e+00
4.377354621887207031e+00
4.378500699996948242e+00
4.468658685684204102e+00
4.413507699966430664e+00
4.472017049789428711e+00
4.403573036193847656e+00
4.339391708374023438e+00
4.340108394622802734e+00
4.269498109817504883e+00
4.220884323120117188e+00
4.168607950210571289e+00
4.278772115707397461e+00
4.426392316818237305e+00
4.499431133270263672e+00
4.350705623626708984e+00
4.511676073074340820e+00
4.404280424118041992e+00
4.507623195648193359e+00
4.407046556472778320e+00
4.668995857238769531e+00
4.465499162673950195e+00
4.619231700897216797e+00
4.707880973815917969e+00
4.562053680419921875e+00
4.337038516998291016e+00
4.384885072708129883e+00
4.450129985809326172e+00
4.445132970809936523e+00
4.370013475418090820e+00
4.431003332138061523e+00
4.556971549987792969e+00
4.529982089996337891e+00
4.537998676300048828e+00
4.585582733154296875e+00
4.865079641342163086e+00
4.831390857696533203e+00
4.838514804840087891e+00
4.648788213729858398e+00
4.739695072174072266e+00
4.711474895477294922e+00
4.652387142181396484e+00
4.960092782974243164e+00
5.084275245666503906e+00
5.141308784484863281e+00
5.154478311538696289e+00
4.959384441375732422e+00
4.727306127548217773e+00
4.807700157165527344e+00
4.841668605804443359e+00
4.774703979492187500e+00
4.761693239212036133e+00
4.805641412734985352e+00
4.780280113220214844e+00
4.991403579711914062e+00
4.875338315963745117e+00
4.763116121292114258e+00
4.916106939315795898e+00
4.735843896865844727e+00
4.620462656021118164e+00
4.865260839462280273e+00
4.785808086395263672e+00
4.863709926605224609e+00
4.791065692901611328e+00
4.746178150177001953e+00
4.722531795501708984e+00
5.073722124099731445e+00
5.290055274963378906e+00
4.860602140426635742e+00
4.694110631942749023e+00
4.811545848846435547e+00
4.992219686508178711e+00
4.908027172088623047e+00
5.062843561172485352e+00
5.266577005386352539e+00
5.293547391891479492e+00
5.018397569656372070e+00
5.113400936126708984e+00
5.340816259384155273e+00
5.253983497619628906e+00
5.883192777633666992e+00
6.151563882827758789e+00
5.583308219909667969e+00
5.351997137069702148e+00
6.336055517196655273e+00
5.918469905853271484e+00
5.168935775756835938e+00
5.138433933258056641e+00
5.748044490814208984e+00
5.180009365081787109e+00
5.247162103652954102e+00
5.285190582275390625e+00
5.183125972747802734e+00
5.355960130691528320e+00
5.409573078155517578e+00
5.277150392532348633e+00
5.202640056610107422e+00
4.864774942398071289e+00
5.226003170013427734e+00
5.227649927139282227e+00
5.501553297042846680e+00
5.310901880264282227e+00
5.158115863800048828e+00
5.529864788055419922e+00
5.503611087799072266e+00
5.549368381500244141e+00
5.715678215026855469e+00
5.056932449340820312e+00
5.369634628295898438e+00
5.429395675659179688e+00
5.354490756988525391e+00
5.383534431457519531e+00
5.424198150634765625e+00
5.656655550003051758e+00
5.770720243453979492e+00
5.733335733413696289e+00
5.559888124465942383e+00
5.494647264480590820e+00
5.673337459564208984e+00
5.508479595184326172e+00
5.699334144592285156e+00
5.800169944763183594e+00
5.708100795745849609e+00
6.367570638656616211e+00
6.205217361450195312e+00
